
Sense HAT Test Program ...

Raspberry UTC Start2021-10-24 10:44:54.688334
UTC Current Time, roll, Pitch, Yaw, AccX, AccY, AccZ, GyroX, GyroY, GyroZ, MagX, MagY, MagZ
2021-10-24 10:44:55.384844 , 5.7663668, -8.6924139, -174.0635575, 0.0623779, 0.0086670, -0.9890137, -0.0914634, 0.4878049, 0.2134146, -50.2500000, -282.6250000, -276.0000000
2021-10-24 10:44:56.081480 , 12.4299680, -17.7669237, -170.7064464, 0.0604858, 0.0142212, -0.9965820, -0.3048780, -0.0609756, 0.0914634, -46.6250000, -277.0000000, -273.5000000
2021-10-24 10:44:56.778109 , 20.2763385, -26.4238767, -170.2446999, 0.0567627, 0.0145264, -0.9935913, -0.1829268, -0.0304878, 0.1219512, -48.0000000, -279.8750000, -275.3750000
2021-10-24 10:44:57.474891 , 29.5139261, -34.2006968, -172.6768732, 0.0597534, 0.0130005, -0.9948120, -0.3963415, 0.0609756, 0.1524390, -44.3750000, -283.0000000, -275.7500000
2021-10-24 10:44:58.171193 , 40.2709866, -40.9706195, -178.0249836, 0.0606079, 0.0139771, -0.9948730, -0.3048780, 0.0914634, 0.2134146, -46.3750000, -280.5000000, -276.5000000
2021-10-24 10:44:58.897006 , 52.9210886, -46.7820788, 173.6359283, 0.0595703, 0.0145264, -0.9934082, -0.3353659, 0.0914634, 0.1829268, -50.0000000, -282.2500000, -273.6250000
2021-10-24 10:44:59.603495 , 67.7523368, -51.4178307, 161.8830083, 0.0590210, 0.0144043, -0.9932861, -0.3353659, 0.0304878, 0.1524390, -45.5000000, -282.5000000, -276.3750000
2021-10-24 10:45:00.299411 , 85.0650656, -54.2939246, 146.5509130, 0.0596924, 0.0133667, -0.9940186, -0.3353659, 0.0609756, 0.1219512, -46.2500000, -278.1250000, -274.8750000
2021-10-24 10:45:01.015578 , 103.8932786, -54.5132114, 128.9513215, 0.0596313, 0.0138550, -0.9939575, -0.3658537, 0.0609756, 0.2439024, -49.3750000, -281.8750000, -274.7500000
2021-10-24 10:45:01.709328 , 121.5029858, -51.7101189, 112.0670258, 0.0599976, 0.0134888, -0.9942017, -0.3658537, 0.0609756, 0.1219512, -47.0000000, -282.3750000, -275.3750000
2021-10-24 10:45:02.406027 , 135.6868801, -46.5148382, 98.3558193, 0.0595093, 0.0128784, -0.9949341, -0.3048780, 0.0304878, 0.1219512, -45.7500000, -280.5000000, -278.7500000
2021-10-24 10:45:03.102914 , 146.1926413, -40.1232894, 88.4820648, 0.0593872, 0.0136719, -0.9939575, -0.4268293, 0.0609756, 0.1829268, -47.8750000, -282.6250000, -275.3750000
2021-10-24 10:45:03.799322 , 153.8522458, -33.5762112, 81.8060143, 0.0595093, 0.0139160, -0.9942627, -0.3353659, 0.0304878, 0.1829268, -45.1250000, -282.5000000, -274.0000000
2021-10-24 10:45:04.495742 , 159.5084115, -27.5708815, 77.2954082, 0.0609131, 0.0136108, -0.9940186, -0.3353659, 0.0304878, 0.2134146, -49.1250000, -280.7500000, -276.0000000
2021-10-24 10:45:05.192355 , 163.8029953, -22.4687258, 74.4623638, 0.0598755, 0.0139160, -0.9942627, -0.3658537, 0.0609756, 0.1829268, -48.1250000, -281.5000000, -276.8750000
2021-10-24 10:45:05.889006 , 167.1637333, -18.3842355, 72.8162163, 0.0590210, 0.0132446, -0.9951172, -0.3353659, 0.0914634, 0.2134146, -47.1250000, -284.1250000, -274.6250000
2021-10-24 10:45:06.585566 , 169.8035295, -15.2118347, 71.9374098, 0.0592041, 0.0137939, -0.9949951, -0.3353659, 0.0914634, 0.2134146, -44.8750000, -281.6250000, -275.8750000
2021-10-24 10:45:07.281895 , 171.8869702, -12.7752409, 71.5091204, 0.0599976, 0.0136108, -0.9948120, -0.3048780, 0.0304878, 0.1219512, -46.5000000, -281.8750000, -275.6250000
2021-10-24 10:45:07.978562 , 173.5422230, -10.8994246, 71.3494417, 0.0591431, 0.0125122, -0.9957275, -0.3353659, 0.0609756, 0.1524390, -48.1250000, -282.3750000, -277.0000000
2021-10-24 10:45:08.674448 , 174.8465633, -9.4934427, 71.3894396, 0.0593872, 0.0132446, -0.9946899, -0.3048780, 0.0609756, 0.1829268, -46.5000000, -276.2500000, -274.8750000
2021-10-24 10:45:09.370732 , 175.8775191, -8.4345891, 71.5536893, 0.0594482, 0.0130615, -0.9945679, -0.3353659, 0.0914634, 0.1829268, -47.1250000, -277.1250000, -272.7500000
2021-10-24 10:45:10.067343 , 176.6893123, -7.6463568, 71.8264494, 0.0588379, 0.0133057, -0.9941406, -0.3963415, 0.0914634, 0.1524390, -47.0000000, -281.7500000, -273.1250000
2021-10-24 10:45:10.763823 , 177.3178927, -6.9897006, 72.0779985, 0.0582275, 0.0130005, -0.9940186, -0.3658537, 0.0914634, 0.1524390, -48.5000000, -281.2500000, -276.6250000
2021-10-24 10:45:11.461510 , 177.8159774, -6.5343413, 72.4047729, 0.0593262, 0.0133057, -0.9934082, -0.3658537, 0.0609756, 0.1219512, -46.6250000, -281.2500000, -273.8750000
2021-10-24 10:45:12.177924 , 178.1813973, -6.1230690, 72.6938051, 0.0582275, 0.0142212, -0.9945679, -0.3658537, 0.0609756, 0.1524390, -48.2500000, -281.8750000, -274.1250000
2021-10-24 10:45:12.884844 , 178.5035297, -5.8644876, 73.0308119, 0.0598755, 0.0122070, -0.9943237, -0.3353659, 0.0304878, 0.1829268, -45.2500000, -281.0000000, -275.7500000
2021-10-24 10:45:13.581126 , 178.7206125, -5.6009340, 73.3172925, 0.0591431, 0.0138550, -0.9946899, -0.3048780, 0.0609756, 0.1524390, -46.7500000, -279.7500000, -273.0000000
2021-10-24 10:45:14.273471 , 178.8944537, -5.4048787, 73.6058958, 0.0596313, 0.0132446, -0.9940186, -0.3658537, 0.0609756, 0.1829268, -45.8750000, -280.5000000, -275.3750000
2021-10-24 10:45:14.969640 , 179.0208114, -5.2104541, 73.8466297, 0.0594482, 0.0131226, -0.9937744, -0.3658537, 0.0609756, 0.2134146, -46.6250000, -281.0000000, -280.6250000
2021-10-24 10:45:15.665957 , 179.0968920, -5.0073958, 74.0459598, 0.0588989, 0.0141602, -0.9939575, -0.3048780, 0.0914634, 0.1829268, -48.6250000, -280.1250000, -274.7500000
2021-10-24 10:45:16.362494 , 179.1593283, -4.8896601, 74.2811298, 0.0595093, 0.0142822, -0.9947510, -0.3658537, 0.1219512, 0.1524390, -46.6250000, -280.7500000, -278.1250000
2021-10-24 10:45:17.058835 , 179.2176418, -4.7908423, 74.5301611, 0.0582275, 0.0139160, -0.9933472, -0.3048780, 0.0304878, 0.1829268, -45.0000000, -278.5000000, -274.0000000
2021-10-24 10:45:17.755768 , 179.2701492, -4.6998147, 74.7433851, 0.0595093, 0.0124512, -0.9944458, -0.3658537, 0.0914634, 0.1829268, -46.1250000, -281.1250000, -276.1250000
2021-10-24 10:45:18.452212 , 179.2743630, -4.5307756, 74.8552521, 0.0592651, 0.0137329, -0.9944458, -0.3048780, 0.0609756, 0.1829268, -49.6250000, -279.2500000, -275.3750000
2021-10-24 10:45:19.148678 , 179.2924460, -4.4321869, 75.0116032, 0.0588379, 0.0133057, -0.9944458, -0.3048780, 0.0609756, 0.1829268, -48.6250000, -282.1250000, -274.6250000
2021-10-24 10:45:19.844926 , 179.3185327, -4.3879281, 75.2030686, 0.0588989, 0.0125732, -0.9949951, -0.3963415, 0.0609756, 0.1219512, -45.8750000, -279.5000000, -276.1250000
2021-10-24 10:45:20.541463 , 179.3447995, -4.3720917, 75.4100319, 0.0594482, 0.0123901, -0.9946899, -0.3658537, 0.0609756, 0.1524390, -45.3750000, -282.6250000, -273.5000000
2021-10-24 10:45:21.237900 , 179.3414679, -4.2841470, 75.5457765, 0.0584717, 0.0131836, -0.9946289, -0.3353659, 0.0609756, 0.1524390, -47.1250000, -281.7500000, -275.8750000
2021-10-24 10:45:21.934470 , 179.3397623, -4.1924417, 75.6566718, 0.0584717, 0.0125122, -0.9942017, -0.3658537, 0.0609756, 0.1219512, -47.7500000, -280.3750000, -274.6250000
2021-10-24 10:45:22.630866 , 179.3498711, -4.2018445, 75.8325844, 0.0602417, 0.0129395, -0.9948730, -0.3048780, 0.0609756, 0.1829268, -45.3750000, -283.3750000, -273.8750000
2021-10-24 10:45:23.327132 , 179.3432809, -4.1580405, 75.9717577, 0.0588379, 0.0132446, -0.9949341, -0.3658537, 0.0304878, 0.1829268, -45.5000000, -281.2500000, -274.1250000
2021-10-24 10:45:24.024077 , 179.3071123, -4.0739264, 76.0373462, 0.0602417, 0.0145264, -0.9948120, -0.3353659, 0.0609756, 0.1829268, -49.3750000, -284.7500000, -272.3750000
2021-10-24 10:45:24.721982 , 179.2871335, -4.0176081, 76.1260355, 0.0591431, 0.0141602, -0.9943237, -0.3658537, 0.0609756, 0.1829268, -47.6250000, -282.6250000, -275.2500000
2021-10-24 10:45:25.446543 , 179.2996924, -4.0362172, 76.2794120, 0.0593262, 0.0128174, -0.9936523, -0.3963415, 0.0914634, 0.1524390, -44.3750000, -281.3750000, -273.5000000
2021-10-24 10:45:26.153120 , 179.3026179, -4.0300671, 76.4081334, 0.0599365, 0.0131226, -0.9938965, -0.3353659, 0.0304878, 0.1219512, -45.1250000, -282.7500000, -272.0000000
2021-10-24 10:45:26.846566 , 179.2599621, -3.8583562, 76.3735060, 0.0582886, 0.0138550, -0.9945679, -0.3658537, 0.0304878, 0.1524390, -50.1250000, -277.7500000, -278.3750000
2021-10-24 10:45:27.544065 , 179.2430719, -3.7886166, 76.3840364, 0.0600586, 0.0133667, -0.9944458, -0.3658537, 0.0304878, 0.1524390, -49.6250000, -279.6250000, -276.8750000
2021-10-24 10:45:28.240814 , 179.2327279, -3.7565117, 76.4397320, 0.0587769, 0.0138550, -0.9943848, -0.3658537, 0.0304878, 0.1219512, -48.8750000, -282.2500000, -272.8750000
2021-10-24 10:45:28.937675 , 179.2528669, -3.8095306, 76.5820576, 0.0581665, 0.0130005, -0.9957275, -0.3963415, 0.0914634, 0.1524390, -43.7500000, -279.8750000, -278.0000000
2021-10-24 10:45:29.634193 , 179.2740405, -3.8258252, 76.6883286, 0.0588989, 0.0119629, -0.9951172, -0.3963415, 0.0609756, 0.1829268, -44.7500000, -280.2500000, -273.2500000
2021-10-24 10:45:30.330828 , 179.2514768, -3.7922963, 76.7315322, 0.0600586, 0.0143433, -0.9944458, -0.3048780, 0.0304878, 0.1524390, -46.5000000, -278.7500000, -276.3750000
2021-10-24 10:45:31.027213 , 179.2484060, -3.7831721, 76.7972954, 0.0596313, 0.0135498, -0.9943237, -0.3048780, 0.0609756, 0.1524390, -46.0000000, -281.0000000, -275.5000000
2021-10-24 10:45:31.723656 , 179.2294822, -3.7328621, 76.8095033, 0.0597534, 0.0139160, -0.9941406, -0.3353659, 0.0914634, 0.2134146, -47.8750000, -279.8750000, -273.3750000
2021-10-24 10:45:32.420589 , 179.2029068, -3.7243182, 76.8621242, 0.0593872, 0.0151367, -0.9939575, -0.4268293, 0.0914634, 0.1829268, -46.0000000, -279.2500000, -276.3750000
2021-10-24 10:45:33.116892 , 179.1926051, -3.6794461, 76.8689415, 0.0595703, 0.0139771, -0.9934692, -0.3048780, 0.1219512, 0.1524390, -48.3750000, -281.0000000, -275.1250000
2021-10-24 10:45:33.813437 , 179.1822976, -3.6541268, 76.8844982, 0.0598755, 0.0143433, -0.9940186, -0.3048780, 0.0609756, 0.1829268, -48.1250000, -282.0000000, -278.5000000
2021-10-24 10:45:34.510028 , 179.1803451, -3.6443066, 76.9215865, 0.0591431, 0.0137329, -0.9942627, -0.4268293, 0.0609756, 0.1524390, -46.1250000, -276.5000000, -275.8750000
2021-10-24 10:45:35.206669 , 179.1807382, -3.6149833, 76.9274383, 0.0595703, 0.0134277, -0.9936523, -0.3353659, 0.0609756, 0.1829268, -47.7500000, -277.5000000, -272.6250000
2021-10-24 10:45:35.903379 , 179.1875111, -3.6025413, 76.9435361, 0.0598755, 0.0131836, -0.9951172, -0.3048780, 0.0609756, 0.1524390, -48.7500000, -283.6250000, -274.7500000
2021-10-24 10:45:36.599916 , 179.1939112, -3.5886016, 76.9594814, 0.0592651, 0.0128784, -0.9942017, -0.3658537, 0.0914634, 0.1829268, -48.6250000, -283.2500000, -273.7500000
2021-10-24 10:45:37.316527 , 179.1918328, -3.5906146, 76.9866302, 0.0597534, 0.0133667, -0.9946899, -0.4268293, 0.0609756, 0.1524390, -47.5000000, -280.5000000, -274.3750000
2021-10-24 10:45:38.022421 , 179.1844403, -3.5193099, 76.9610794, 0.0577393, 0.0133057, -0.9949951, -0.3353659, 0.0609756, 0.1524390, -49.8750000, -281.6250000, -276.1250000
2021-10-24 10:45:38.718222 , 179.2003608, -3.5691455, 77.0403737, 0.0584717, 0.0131836, -0.9942017, -0.3658537, 0.0609756, 0.1829268, -45.2500000, -278.7500000, -271.0000000
2021-10-24 10:45:39.423296 , 179.2013111, -3.5614720, 77.0776019, 0.0581665, 0.0133667, -0.9946289, -0.3658537, 0.0304878, 0.1219512, -47.2500000, -282.1250000, -272.8750000
2021-10-24 10:45:40.118676 , 179.1889272, -3.5692135, 77.1033243, 0.0596924, 0.0143433, -0.9929199, -0.3353659, 0.0914634, 0.1524390, -47.3750000, -281.7500000, -274.6250000
2021-10-24 10:45:40.814185 , 179.2028566, -3.6403215, 77.1964710, 0.0599976, 0.0135498, -0.9939575, -0.3353659, 0.0914634, 0.1524390, -44.2500000, -282.6250000, -276.1250000
2021-10-24 10:45:41.509685 , 179.2086414, -3.6139315, 77.2172679, 0.0587158, 0.0126343, -0.9951782, -0.3963415, 0.0609756, 0.1829268, -46.6250000, -283.1250000, -277.1250000
2021-10-24 10:45:42.204803 , 179.2174639, -3.6369024, 77.2874288, 0.0588989, 0.0132446, -0.9943848, -0.3353659, 0.0304878, 0.1524390, -44.5000000, -281.7500000, -272.6250000
2021-10-24 10:45:42.900806 , 179.2074811, -3.5793522, 77.2796456, 0.0582275, 0.0131226, -0.9944458, -0.3963415, 0.0914634, 0.1524390, -47.8750000, -283.2500000, -271.8750000
2021-10-24 10:45:43.595777 , 179.1967403, -3.5204163, 77.2286869, 0.0603638, 0.0130005, -0.9948730, -0.3048780, 0.0609756, 0.1524390, -49.3750000, -280.6250000, -274.3750000
2021-10-24 10:45:44.291092 , 179.2225308, -3.5366629, 77.2754994, 0.0580444, 0.0116577, -0.9950562, -0.3658537, 0.0914634, 0.1524390, -45.5000000, -281.6250000, -277.7500000
2021-10-24 10:45:44.986754 , 179.2288299, -3.5289644, 77.3062153, 0.0579224, 0.0124512, -0.9949341, -0.3658537, 0.0609756, 0.1219512, -46.2500000, -281.5000000, -273.1250000
2021-10-24 10:45:45.682708 , 179.2040160, -3.4578383, 77.2577930, 0.0582886, 0.0136719, -0.9952393, -0.3353659, 0.0914634, 0.1524390, -49.7500000, -282.7500000, -276.2500000
2021-10-24 10:45:46.378242 , 179.2106843, -3.5170188, 77.3325321, 0.0584717, 0.0134888, -0.9945679, -0.3658537, 0.0609756, 0.1829268, -44.3750000, -280.8750000, -275.2500000
2021-10-24 10:45:47.073806 , 179.2159527, -3.4834009, 77.3264123, 0.0581055, 0.0122070, -0.9942017, -0.3658537, 0.0000000, 0.1829268, -47.1250000, -280.2500000, -275.6250000
2021-10-24 10:45:47.769434 , 179.2105550, -3.4474450, 77.3020162, 0.0587158, 0.0126343, -0.9946899, -0.3658537, 0.0304878, 0.1524390, -48.2500000, -280.3750000, -275.5000000
2021-10-24 10:45:48.465004 , 179.2224505, -3.4376054, 77.2996601, 0.0582275, 0.0119629, -0.9931641, -0.3048780, 0.0609756, 0.1829268, -47.6250000, -280.3750000, -272.8750000
2021-10-24 10:45:49.160832 , 179.2132681, -3.4517868, 77.3240633, 0.0583496, 0.0136108, -0.9940796, -0.3658537, 0.0304878, 0.1524390, -45.7500000, -278.5000000, -279.7500000
2021-10-24 10:45:49.877305 , 179.2073496, -3.4685055, 77.3508182, 0.0587158, 0.0137939, -0.9940796, -0.3048780, 0.0000000, 0.1829268, -46.6250000, -282.6250000, -275.0000000
2021-10-24 10:45:50.583250 , 179.2113968, -3.4815526, 77.3688083, 0.0591431, 0.0126343, -0.9953613, -0.3963415, 0.0609756, 0.1829268, -47.0000000, -282.8750000, -272.1250000
2021-10-24 10:45:51.278877 , 179.2269732, -3.5604603, 77.4730471, 0.0584717, 0.0132446, -0.9945068, -0.3048780, 0.0914634, 0.1219512, -42.7500000, -281.2500000, -272.7500000
2021-10-24 10:45:51.995560 , 179.2366882, -3.5800644, 77.5272142, 0.0589600, 0.0125732, -0.9938354, -0.3353659, 0.0000000, 0.1524390, -44.5000000, -283.0000000, -270.6250000
2021-10-24 10:45:52.687409 , 179.2280452, -3.5406051, 77.5152475, 0.0590820, 0.0127563, -0.9938965, -0.3658537, 0.0304878, 0.1829268, -46.3750000, -281.1250000, -273.8750000
2021-10-24 10:45:53.384030 , 179.2233713, -3.5355259, 77.5352411, 0.0587769, 0.0131226, -0.9931641, -0.3658537, 0.0000000, 0.2134146, -44.6250000, -279.5000000, -276.3750000
2021-10-24 10:45:54.080151 , 179.1865107, -3.4578961, 77.4616715, 0.0598145, 0.0142822, -0.9949341, -0.3353659, 0.0914634, 0.1219512, -49.6250000, -282.0000000, -275.1250000
2021-10-24 10:45:54.776512 , 179.1807295, -3.4547454, 77.4772799, 0.0581055, 0.0138550, -0.9938354, -0.3353659, 0.0609756, 0.0914634, -47.0000000, -284.1250000, -273.8750000
2021-10-24 10:45:55.472496 , 179.1858746, -3.4770306, 77.5013428, 0.0593872, 0.0129395, -0.9935303, -0.4268293, 0.0000000, 0.1524390, -45.3750000, -279.6250000, -274.1250000
2021-10-24 10:45:56.168505 , 179.1953375, -3.4492495, 77.4721276, 0.0596313, 0.0119629, -0.9945679, -0.3353659, 0.0609756, 0.0914634, -47.8750000, -280.8750000, -274.6250000
2021-10-24 10:45:56.864718 , 179.1901690, -3.4519112, 77.4840650, 0.0586548, 0.0139160, -0.9953613, -0.2743902, 0.0304878, 0.1524390, -45.8750000, -279.3750000, -275.1250000
2021-10-24 10:45:57.561025 , 179.2269409, -3.5372070, 77.5851766, 0.0586548, 0.0117798, -0.9956665, -0.3353659, 0.0914634, 0.1524390, -42.6250000, -281.5000000, -269.5000000
2021-10-24 10:45:58.257158 , 179.2439201, -3.5053419, 77.5943576, 0.0576172, 0.0114136, -0.9948730, -0.3048780, 0.0304878, 0.1219512, -46.5000000, -286.2500000, -274.7500000
2021-10-24 10:45:58.954289 , 179.2439126, -3.4793781, 77.5862292, 0.0588379, 0.0119629, -0.9951172, -0.3658537, 0.0304878, 0.1219512, -45.6250000, -279.1250000, -277.8750000
2021-10-24 10:45:59.650671 , 179.2175774, -3.4115911, 77.5344625, 0.0582275, 0.0132446, -0.9942627, -0.3963415, 0.0000000, 0.1524390, -48.6250000, -282.7500000, -276.3750000
2021-10-24 10:46:00.346422 , 179.2265678, -3.3774310, 77.4987161, 0.0583496, 0.0112915, -0.9946289, -0.3658537, 0.0304878, 0.1524390, -48.3750000, -282.1250000, -275.1250000
2021-10-24 10:46:01.043341 , 179.2188884, -3.3747096, 77.4799208, 0.0590820, 0.0128174, -0.9955444, -0.3353659, 0.0914634, 0.1219512, -47.2500000, -278.3750000, -274.8750000
2021-10-24 10:46:01.739673 , 179.2066158, -3.3060363, 77.4152777, 0.0570068, 0.0123901, -0.9960327, -0.3963415, 0.0609756, 0.1829268, -49.2500000, -278.5000000, -276.0000000
2021-10-24 10:46:02.436551 , 179.2219666, -3.3648346, 77.4468280, 0.0587769, 0.0122070, -0.9950562, -0.3353659, 0.0914634, 0.2134146, -47.5000000, -286.6250000, -273.3750000
2021-10-24 10:46:03.143617 , 179.2300211, -3.4160153, 77.4758473, 0.0595093, 0.0124512, -0.9951782, -0.3353659, 0.0914634, 0.1829268, -46.8750000, -284.3750000, -271.0000000
2021-10-24 10:46:03.839654 , 179.2241053, -3.4540221, 77.5095612, 0.0590210, 0.0136108, -0.9962158, -0.3048780, 0.1219512, 0.1524390, -45.0000000, -279.6250000, -276.0000000
2021-10-24 10:46:04.556288 , 179.2089589, -3.3912788, 77.4519329, 0.0583496, 0.0127563, -0.9945068, -0.3658537, 0.0304878, 0.1829268, -49.1250000, -281.3750000, -274.6250000
2021-10-24 10:46:05.249407 , 179.2097041, -3.3843610, 77.4372497, 0.0584106, 0.0126953, -0.9950562, -0.3048780, 0.0914634, 0.1829268, -47.6250000, -280.7500000, -275.3750000
2021-10-24 10:46:05.945862 , 179.2179726, -3.3993022, 77.4485616, 0.0582886, 0.0122681, -0.9953613, -0.3658537, 0.0609756, 0.1829268, -47.5000000, -284.6250000, -274.0000000
2021-10-24 10:46:06.642370 , 179.2175920, -3.3819717, 77.4479983, 0.0568237, 0.0129395, -0.9951172, -0.2743902, 0.0914634, 0.1524390, -47.3750000, -282.0000000, -274.3750000
2021-10-24 10:46:07.341269 , 179.2093243, -3.3991923, 77.4629395, 0.0583496, 0.0134277, -0.9942017, -0.3658537, 0.0609756, 0.1219512, -46.1250000, -278.8750000, -274.7500000
2021-10-24 10:46:08.037406 , 179.2070980, -3.4039897, 77.4689766, 0.0582275, 0.0130005, -0.9954224, -0.3658537, 0.0609756, 0.1524390, -46.2500000, -279.3750000, -277.3750000
2021-10-24 10:46:08.733307 , 179.2082764, -3.3948882, 77.4522028, 0.0588379, 0.0126343, -0.9953003, -0.3048780, 0.0609756, 0.1524390, -48.2500000, -283.6250000, -275.8750000
2021-10-24 10:46:09.429414 , 179.2084979, -3.3723137, 77.4335415, 0.0576172, 0.0124512, -0.9950562, -0.3658537, 0.0609756, 0.1829268, -47.0000000, -277.2500000, -275.2500000
2021-10-24 10:46:10.125711 , 179.2146197, -3.4128120, 77.4620881, 0.0590820, 0.0125732, -0.9946899, -0.3963415, 0.0304878, 0.1524390, -46.5000000, -282.7500000, -273.3750000
2021-10-24 10:46:10.821981 , 179.2357756, -3.5137829, 77.5716545, 0.0585938, 0.0127563, -0.9942627, -0.3353659, 0.0304878, 0.1829268, -42.2500000, -282.1250000, -274.6250000
2021-10-24 10:46:11.518321 , 179.2417416, -3.5275886, 77.6049552, 0.0589600, 0.0123901, -0.9940796, -0.3353659, 0.0609756, 0.1219512, -43.7500000, -277.6250000, -274.2500000
2021-10-24 10:46:12.214540 , 179.2261674, -3.4615063, 77.5546082, 0.0589600, 0.0125732, -0.9954224, -0.3658537, 0.0609756, 0.1524390, -47.1250000, -278.0000000, -277.1250000
2021-10-24 10:46:12.910723 , 179.2230284, -3.4815319, 77.5901215, 0.0582886, 0.0134277, -0.9948730, -0.3048780, 0.1219512, 0.1219512, -44.8750000, -281.6250000, -274.8750000
2021-10-24 10:46:13.606894 , 179.2121072, -3.5119343, 77.6279698, 0.0592651, 0.0139771, -0.9949341, -0.3658537, 0.0609756, 0.1829268, -43.1250000, -276.2500000, -275.8750000
2021-10-24 10:46:14.302787 , 179.2046064, -3.4702238, 77.6189007, 0.0576782, 0.0131226, -0.9950562, -0.3658537, 0.0304878, 0.1524390, -46.0000000, -280.7500000, -274.7500000
2021-10-24 10:46:14.999151 , 179.2112524, -3.4803178, 77.6580665, 0.0574341, 0.0130005, -0.9948730, -0.3353659, 0.0609756, 0.1524390, -44.0000000, -280.6250000, -275.6250000
2021-10-24 10:46:15.725817 , 179.2243942, -3.4862043, 77.6832621, 0.0582886, 0.0122681, -0.9949951, -0.3048780, 0.0609756, 0.1524390, -44.6250000, -281.5000000, -274.2500000
2021-10-24 10:46:16.421144 , 179.2012952, -3.4200337, 77.6236134, 0.0587769, 0.0131836, -0.9945679, -0.3963415, 0.0914634, 0.1219512, -47.8750000, -278.5000000, -270.5000000
2021-10-24 10:46:17.156325 , 179.2195875, -3.4586108, 77.6627573, 0.0588989, 0.0120239, -0.9949951, -0.3658537, 0.0304878, 0.1524390, -43.8750000, -279.1250000, -275.2500000
2021-10-24 10:46:17.861679 , 179.2335242, -3.4531075, 77.6781576, 0.0578003, 0.0116577, -0.9954834, -0.3658537, 0.0609756, 0.1219512, -44.7500000, -280.0000000, -275.8750000
2021-10-24 10:46:18.558069 , 179.2093991, -3.3775407, 77.6055617, 0.0584106, 0.0130615, -0.9952393, -0.3658537, 0.0609756, 0.1829268, -48.5000000, -280.0000000, -277.1250000
2021-10-24 10:46:19.254252 , 179.2029713, -3.4218877, 77.6313295, 0.0594482, 0.0137329, -0.9942627, -0.3353659, 0.0914634, 0.1524390, -45.1250000, -280.5000000, -275.2500000
2021-10-24 10:46:19.950805 , 179.1844963, -3.3955215, 77.5878452, 0.0595093, 0.0136719, -0.9941406, -0.3658537, 0.0304878, 0.2439024, -47.6250000, -280.7500000, -277.6250000
2021-10-24 10:46:20.646856 , 179.2016831, -3.4602411, 77.6520231, 0.0587769, 0.0130005, -0.9943848, -0.3048780, 0.0304878, 0.1524390, -43.3750000, -279.8750000, -273.6250000
2021-10-24 10:46:21.343302 , 179.1850192, -3.3863596, 77.5787287, 0.0585938, 0.0133057, -0.9935303, -0.2743902, 0.0914634, 0.1524390, -48.2500000, -277.2500000, -274.5000000
2021-10-24 10:46:22.039671 , 179.1937508, -3.4650106, 77.6477377, 0.0592041, 0.0135498, -0.9941406, -0.3658537, 0.0304878, 0.2134146, -43.5000000, -281.7500000, -274.3750000
2021-10-24 10:46:22.736156 , 179.1766170, -3.4406751, 77.6259199, 0.0592041, 0.0139771, -0.9931641, -0.3658537, 0.0000000, 0.1524390, -46.8750000, -280.5000000, -271.1250000
2021-10-24 10:46:23.431946 , 179.1410260, -3.3959140, 77.5659034, 0.0598145, 0.0151978, -0.9927368, -0.3353659, 0.0609756, 0.1524390, -47.5000000, -275.6250000, -276.6250000
2021-10-24 10:46:24.128054 , 179.1485841, -3.4476601, 77.6016088, 0.0597534, 0.0137329, -0.9936523, -0.3963415, 0.0304878, 0.1524390, -44.7500000, -280.5000000, -276.8750000
2021-10-24 10:46:24.823889 , 179.1405729, -3.3985865, 77.5644267, 0.0580444, 0.0137939, -0.9937134, -0.3658537, 0.0000000, 0.1524390, -47.7500000, -281.5000000, -278.2500000
2021-10-24 10:46:25.520329 , 179.1568529, -3.3502408, 77.5263077, 0.0569458, 0.0120850, -0.9953003, -0.3658537, 0.0304878, 0.2134146, -48.1250000, -280.8750000, -273.8750000
2021-10-24 10:46:26.216574 , 179.1608983, -3.3546345, 77.5008616, 0.0596924, 0.0128174, -0.9949341, -0.3963415, 0.0000000, 0.1829268, -47.1250000, -276.3750000, -272.6250000
2021-10-24 10:46:26.912759 , 179.1774278, -3.4542444, 77.5700746, 0.0602417, 0.0135498, -0.9932251, -0.3048780, 0.0609756, 0.1829268, -44.2500000, -282.5000000, -275.1250000
2021-10-24 10:46:27.609117 , 179.1710158, -3.4286471, 77.5328001, 0.0598755, 0.0131836, -0.9949951, -0.3658537, 0.0609756, 0.1524390, -47.7500000, -280.5000000, -275.8750000
2021-10-24 10:46:28.316986 , 179.1788422, -3.4329993, 77.5294445, 0.0592041, 0.0129395, -0.9946289, -0.3048780, 0.0914634, 0.1524390, -46.8750000, -281.5000000, -273.8750000
2021-10-24 10:46:29.021941 , 179.1928823, -3.4772141, 77.5668551, 0.0590820, 0.0130005, -0.9935303, -0.3048780, 0.1219512, 0.2134146, -44.2500000, -279.0000000, -275.6250000
2021-10-24 10:46:29.719183 , 179.1900736, -3.4804833, 77.5914113, 0.0582275, 0.0136108, -0.9948730, -0.3658537, 0.0304878, 0.1524390, -44.6250000, -278.5000000, -272.8750000
2021-10-24 10:46:30.435092 , 179.1860890, -3.4834300, 77.5882213, 0.0598755, 0.0133057, -0.9941406, -0.3658537, 0.1219512, 0.1524390, -46.7500000, -283.7500000, -275.0000000
2021-10-24 10:46:31.127527 , 179.1904001, -3.5038292, 77.6079434, 0.0597534, 0.0132446, -0.9935303, -0.3353659, 0.0304878, 0.2134146, -45.3750000, -282.8750000, -275.3750000
2021-10-24 10:46:31.823965 , 179.1816985, -3.4881285, 77.5936883, 0.0597534, 0.0133667, -0.9929199, -0.3963415, 0.0609756, 0.1524390, -46.5000000, -281.8750000, -277.3750000
2021-10-24 10:46:32.520187 , 179.1766589, -3.4474317, 77.5683840, 0.0584106, 0.0131836, -0.9937744, -0.3658537, 0.0304878, 0.1524390, -47.2500000, -281.0000000, -272.0000000
2021-10-24 10:46:33.216550 , 179.1649433, -3.5355191, 77.6329313, 0.0607910, 0.0149536, -0.9930420, -0.4268293, 0.2134146, 0.1524390, -42.8750000, -278.6250000, -275.7500000
2021-10-24 10:46:33.912883 , 179.1780297, -3.5876892, 77.6953789, 0.0594482, 0.0134277, -0.9942627, -0.3658537, 0.2439024, 0.2134146, -43.5000000, -283.2500000, -269.5000000
2021-10-24 10:46:34.609667 , -179.2881722, -3.6002359, 76.2371635, 0.0757446, -0.0817261, -1.0216675, 6.3719512, -2.3780488, 28.2621951, -54.2500000, -317.0000000, -272.6250000
2021-10-24 10:46:35.306295 , -177.5649092, -2.7096553, 74.9835344, 0.0576172, -0.1113892, -1.0300293, 13.1097561, -7.2560976, 14.2073171, -91.0000000, -346.6250000, -312.0000000
2021-10-24 10:46:36.004178 , -176.6029714, -2.1927529, 73.9829318, 0.0900269, -0.1282349, -1.0045166, 6.6158537, 0.7621951, -0.9756098, -114.3750000, -287.1250000, -328.5000000
2021-10-24 10:46:36.700533 , -175.0825752, -2.1592519, 72.6296038, 0.1354370, -0.1916504, -1.0202026, 8.3536585, -0.3048780, 6.5243902, -110.1250000, -255.7500000, -311.1250000
2021-10-24 10:46:37.396719 , -173.4188312, -2.4739830, 71.6604686, 0.1287231, -0.2653198, -0.9961548, -1.4024390, 5.1829268, 0.3658537, -101.5000000, -242.2500000, -292.0000000
2021-10-24 10:46:38.092972 , -173.2731701, -3.2612776, 70.8342411, 0.1986694, -0.2341919, -1.0511475, -13.9939024, 1.7987805, -1.5243902, -98.3750000, -233.2500000, -279.7500000
2021-10-24 10:46:38.788876 , -173.2798393, -4.1605010, 70.1208543, 0.2227173, -0.1636353, -1.0036011, -1.0060976, -0.4878049, -2.7743902, -93.0000000, -221.1250000, -278.0000000
2021-10-24 10:46:39.485315 , -172.8625996, -4.6119364, 69.2953897, 0.2174683, -0.1806030, -1.0252075, 3.9939024, -4.3292683, -0.4878049, -94.7500000, -232.8750000, -276.5000000
2021-10-24 10:46:40.181656 , -172.4355559, -4.3242552, 68.4153098, 0.1658936, -0.2222290, -1.0148926, -2.5304878, -3.2926829, -1.6158537, -100.6250000, -234.6250000, -289.8750000
2021-10-24 10:46:40.886343 , -171.1016555, -2.2004539, 66.9370083, 0.0512085, -0.2622681, -1.0070801, 11.1585366, -9.1158537, 6.6158537, -130.0000000, -259.2500000, -308.2500000
2021-10-24 10:46:41.583946 , -169.9750581, 0.5500332, 65.9133504, -0.0504150, -0.3439941, -1.0436401, -2.7134146, -9.3902439, -1.7987805, -169.6250000, -302.7500000, -342.5000000
2021-10-24 10:46:42.289727 , -167.6900695, 0.9184098, 65.9684459, -0.1293335, -0.3428955, -1.0764160, 11.2500000, 15.0000000, 3.4146341, -161.7500000, -455.0000000, -265.7500000
2021-10-24 10:46:43.025896 , -168.0294884, 0.6139523, 66.2993228, -0.0034180, -0.2030640, -1.0187988, -4.6951220, -2.6219512, 0.6097561, -153.1250000, -447.2500000, -273.5000000
2021-10-24 10:46:43.718024 , -168.7321828, 1.8877536, 65.7862330, -0.0470581, -0.2008667, -1.0625610, -2.1951220, -5.1829268, 1.1280488, -170.6250000, -369.2500000, -375.7500000
2021-10-24 10:46:44.413865 , -167.3278747, 1.9268083, 65.4280568, -0.0037231, -0.3039551, -0.9586182, 9.1463415, 6.6158537, -4.7256098, -141.2500000, -267.5000000, -321.8750000
2021-10-24 10:46:45.110147 , -165.9460838, 0.6801819, 65.1420352, 0.0803833, -0.3566895, -1.0179443, 3.2317073, 6.6158537, -0.5487805, -114.6250000, -254.7500000, -296.0000000
2021-10-24 10:46:45.806695 , -165.4165558, -0.6322278, 64.8530896, 0.1420288, -0.3317871, -1.0277100, -0.8841463, 0.4573171, -0.5792683, -104.5000000, -246.1250000, -283.5000000
2021-10-24 10:46:46.503103 , -164.8964181, -1.7875991, 64.4844009, 0.1655884, -0.3351440, -0.9771729, -0.8841463, -0.8536585, -2.0731707, -106.7500000, -247.2500000, -273.3750000
2021-10-24 10:46:47.199498 , -164.4999534, -1.5836865, 64.0816159, 0.1089478, -0.3558960, -0.9929199, -0.4268293, -4.7256098, -4.9390244, -114.7500000, -250.3750000, -284.2500000
2021-10-24 10:46:47.895614 , -163.9554392, -0.2112410, 62.9376869, 0.0163574, -0.3676758, -1.0202637, 7.1036585, 0.0914634, 6.7987805, -134.6250000, -265.5000000, -304.3750000
2021-10-24 10:46:48.591786 , -164.3205087, 1.8819937, 62.2531023, -0.0520020, -0.3232422, -0.9603882, -3.4451220, -6.9207317, -0.4268293, -162.8750000, -296.5000000, -339.5000000
2021-10-24 10:46:49.288280 , -164.5662671, 3.8671789, 61.9442193, -0.1361694, -0.2776489, -0.9903564, 0.2743902, -7.0121951, 0.2743902, -184.7500000, -367.6250000, -311.5000000
2021-10-24 10:46:49.984816 , -164.7219793, 4.4767418, 61.8133556, -0.1306763, -0.2653809, -0.9723511, -3.0182927, 2.6219512, 3.9939024, -188.3750000, -405.0000000, -276.2500000
2021-10-24 10:46:50.681158 , -165.1390194, 3.5900618, 62.1082501, -0.0437012, -0.2408447, -1.0366211, -1.6768293, 2.7134146, -1.2195122, -178.3750000, -402.2500000, -271.1250000
2021-10-24 10:46:51.377653 , -165.8266874, 2.9518435, 61.8465369, -0.0196533, -0.2343140, -1.0560913, 0.7926829, 8.9939024, -2.8353659, -154.0000000, -300.2500000, -349.5000000
2021-10-24 10:46:52.074056 , -164.5111406, 1.7974398, 61.5928897, 0.0791626, -0.3345947, -1.0015869, 10.4268293, -3.5670732, 4.4207317, -122.0000000, -257.2500000, -299.2500000
2021-10-24 10:46:52.770455 , -163.4797758, 0.5763143, 61.4011148, 0.0839233, -0.3688965, -1.0070801, 3.8414634, 2.7743902, 0.1524390, -113.6250000, -252.0000000, -284.1250000
2021-10-24 10:46:53.466881 , -162.0924195, -0.6740360, 61.5561797, 0.1434937, -0.4473267, -0.9404297, -7.7439024, -8.2317073, -4.4817073, -109.8750000, -262.5000000, -278.1250000
2021-10-24 10:46:54.164657 , -160.4507339, 1.0184202, 60.8286340, -0.0025635, -0.4876099, -0.9921875, 10.1219512, -11.2804878, 4.6341463, -141.5000000, -279.3750000, -296.3750000
2021-10-24 10:46:54.860047 , -160.9030248, 3.0130851, 60.0510505, -0.1005249, -0.3964233, -1.0216675, -7.7134146, -6.5243902, 8.9939024, -167.7500000, -340.1250000, -320.6250000
2021-10-24 10:46:55.595511 , -161.6240523, 2.5045234, 60.0054523, -0.0332031, -0.2867432, -1.0499268, -0.0914634, 1.5548780, 4.2073171, -165.1250000, -390.6250000, -278.7500000
2021-10-24 10:46:56.300284 , -162.2821515, 0.6837488, 60.5926436, 0.0143433, -0.2268066, -1.0853271, 10.1829268, 10.4878049, -6.2804878, -148.1250000, -401.1250000, -282.6250000
2021-10-24 10:46:56.996173 , -166.5717087, 1.9474153, 58.8969444, 0.0097656, -0.2792969, -0.9945068, 8.2012195, -3.6585366, 17.6829268, -134.8750000, -100.3750000, -556.7500000
2021-10-24 10:46:57.692987 , -165.7350096, 0.8012345, 58.3324939, 0.0545044, -0.3303223, -1.0038452, -3.7804878, 4.6951220, 11.6768293, -35.7500000, -87.3750000, -151.5000000
2021-10-24 10:46:58.389670 , -164.2397128, -1.4814783, 61.0718968, 0.0186768, -0.3610229, -1.0027466, -8.1097561, 0.4268293, 8.2012195, -66.6250000, -377.2500000, -134.5000000
2021-10-24 10:46:59.085896 , -164.4830364, -2.0863513, 61.2330731, 0.0220947, -0.2428589, -0.9942017, -1.7987805, 4.2073171, 7.9878049, -105.5000000, -343.1250000, -233.7500000
2021-10-24 10:46:59.782438 , -163.9664649, -3.1005990, 62.8486646, 0.0632324, -0.2599487, -1.0520630, 12.0731707, -4.3292683, -16.4939024, -96.5000000, -345.1250000, -218.6250000
2021-10-24 10:47:00.478300 , -164.7279102, -1.9380907, 63.2982996, 0.0639648, -0.3272095, -1.0473633, -1.8902439, -6.2195122, -22.3475610, -55.8750000, -119.6250000, -177.2500000
2021-10-24 10:47:01.174502 , -167.4547741, -0.6925224, 63.6092369, 0.0382080, -0.2802124, -1.0735474, -11.8902439, 6.4329268, -29.2682927, -190.5000000, -255.8750000, -561.8750000
2021-10-24 10:47:01.870894 , -166.1287070, -0.8505986, 64.2455685, 0.0352173, -0.3248291, -1.0016479, 4.8170732, -3.1402439, -15.7621951, -118.7500000, -299.7500000, -274.3750000
2021-10-24 10:47:02.567384 , -165.0112492, -0.4877461, 64.2038590, 0.0296631, -0.3652954, -0.9880981, 0.0609756, -2.5304878, -7.1646341, -109.6250000, -259.6250000, -265.7500000
2021-10-24 10:47:03.264116 , -164.9333116, -0.2115719, 63.0214626, 0.0516357, -0.3288574, -1.0208130, -3.0182927, 2.1646341, 13.9939024, -110.1250000, -244.2500000, -263.8750000
2021-10-24 10:47:03.961040 , -164.7113297, 0.3873802, 62.5029708, -0.0000610, -0.3190918, -1.0111084, 0.1829268, 0.3963415, 2.3475610, -115.6250000, -257.0000000, -269.5000000
2021-10-24 10:47:04.657069 , -164.8197489, 0.4394366, 62.1608087, 0.0122681, -0.2990112, -1.0265503, -2.0731707, 2.2560976, 0.9756098, -109.5000000, -251.6250000, -265.7500000
2021-10-24 10:47:05.353578 , -165.6597559, -0.2402221, 61.8967096, 0.0675659, -0.2257080, -1.0209351, -2.4695122, 0.8231707, 1.7073171, -108.3750000, -258.6250000, -269.1250000
2021-10-24 10:47:06.049682 , -165.6507528, -0.9534738, 61.3792192, 0.0657349, -0.2320557, -1.0020752, 5.1219512, 0.8536585, 12.3475610, -119.3750000, -318.5000000, -297.2500000
2021-10-24 10:47:06.756543 , -168.1931975, 0.1226480, 60.3208873, 0.0851440, -0.2675781, -1.0324707, -2.2560976, -1.4939024, 5.9756098, -149.8750000, -158.6250000, -516.8750000
2021-10-24 10:47:07.462853 , -166.5850270, -0.5943571, 59.6789775, 0.0675049, -0.3822021, -1.0172729, -5.0000000, 2.6829268, 11.9817073, -47.8750000, -117.1250000, -170.1250000
2021-10-24 10:47:08.158293 , -165.0895364, -2.5652042, 62.1774389, 0.0641479, -0.3095703, -1.0218506, 1.5853659, -11.0975610, 12.4390244, -46.5000000, -328.0000000, -132.7500000
2021-10-24 10:47:08.876217 , -165.5323279, -3.2190389, 62.3569979, 0.0432129, -0.1896973, -0.9755249, 3.1707317, 5.1524390, 6.3414634, -91.6250000, -323.0000000, -231.1250000
2021-10-24 10:47:09.568507 , -165.8104684, -4.1975843, 62.9876283, 0.1173706, -0.1791382, -1.0166626, 10.9451220, -3.1402439, -3.4146341, -93.8750000, -318.8750000, -231.0000000
2021-10-24 10:47:10.264630 , -164.2927641, -4.3322115, 63.8005352, 0.1245117, -0.3778687, -1.0752563, 11.5853659, -8.5975610, -19.5121951, -50.3750000, -162.8750000, -161.7500000
2021-10-24 10:47:10.961145 , -166.5441439, -3.3538210, 63.6857111, 0.1470337, -0.2833252, -1.0903320, -6.6768293, -1.0365854, -18.4756098, -155.1250000, -265.3750000, -459.7500000
2021-10-24 10:47:11.657360 , -165.6964252, -2.9738338, 63.4273585, 0.0700073, -0.3734131, -1.0402832, -5.0304878, -0.7317073, -5.0609756, -124.2500000, -310.1250000, -276.7500000
2021-10-24 10:47:12.354134 , -164.5548013, -2.8096538, 61.7868407, 0.0814819, -0.3650513, -0.9810181, 1.7378049, 7.4085366, 22.1036585, -108.2500000, -265.3750000, -256.2500000
2021-10-24 10:47:13.050428 , -165.1037694, -1.3521428, 60.8916910, 0.0460815, -0.2924805, -1.0048218, -6.8597561, -13.1097561, 12.4390244, -110.0000000, -255.7500000, -265.7500000
2021-10-24 10:47:13.746495 , -165.4675989, -1.9796294, 60.2796743, 0.1008911, -0.2459106, -1.0132446, 0.5182927, 1.1890244, 9.3292683, -110.3750000, -270.0000000, -268.6250000
2021-10-24 10:47:14.446139 , -164.9474918, -2.8164853, 59.7865330, 0.1229248, -0.3029785, -0.9907837, 0.8536585, 0.2743902, 8.0487805, -128.0000000, -320.1250000, -301.2500000
2021-10-24 10:47:15.142883 , -165.9088512, -1.9395484, 58.7826517, 0.1063843, -0.2938843, -1.0007324, 2.0121951, -0.6097561, 5.0000000, -145.1250000, -237.8750000, -435.8750000
2021-10-24 10:47:15.838972 , -166.5892709, -1.0749586, 58.2599915, 0.0686646, -0.2598877, -1.0481567, 6.3719512, -3.1402439, -4.3902439, -160.6250000, -264.1250000, -389.7500000
2021-10-24 10:47:16.535831 , -166.2470309, -1.4217956, 56.9543278, 0.1660156, -0.3093872, -1.0328979, 5.0304878, -6.9817073, 14.9390244, -140.2500000, -234.5000000, -280.0000000
2021-10-24 10:47:17.232128 , -166.2516858, -0.3105539, 56.7763384, 0.0060425, -0.2997437, -1.0133667, -3.2621951, -7.5000000, -4.4817073, -127.6250000, -231.7500000, -272.3750000
2021-10-24 10:47:17.928192 , -166.7941158, 0.4946284, 56.9536714, 0.0010986, -0.2336426, -1.0245972, 0.3658537, -7.9878049, -9.7256098, -123.8750000, -224.7500000, -276.7500000
2021-10-24 10:47:18.624231 , -167.4332790, -0.2990178, 55.8893106, 0.0227661, -0.2311401, -1.0372925, -3.7500000, 20.7012195, 10.4573171, -128.6250000, -225.3750000, -268.3750000
2021-10-24 10:47:19.322490 , -167.3029982, -0.6570036, 54.3152416, 0.0683594, -0.3494873, -1.0787964, -2.6524390, 17.4695122, 8.8109756, -173.8750000, -228.6250000, -291.5000000
2021-10-24 10:47:20.018478 , -167.8510009, -1.0119882, 53.4733279, 0.0932007, -0.2744141, -1.0574341, -6.4939024, 5.0609756, 9.4512195, -144.8750000, -246.3750000, -499.0000000
2021-10-24 10:47:20.725065 , -167.2956644, -0.6472203, 52.8039631, 0.0678101, -0.3607178, -1.0226440, 0.9756098, 1.8292683, 3.7500000, -142.5000000, -203.2500000, -507.3750000
2021-10-24 10:47:21.421613 , -167.1387039, -0.0842076, 52.2928476, 0.0804443, -0.4013062, -1.0078735, -1.1890244, -3.6280488, -0.3963415, -148.5000000, -167.0000000, -539.3750000
2021-10-24 10:47:22.114017 , -167.4365118, -0.2682087, 53.0392694, 0.0888672, -0.3110962, -1.0397949, -10.8231707, -8.8109756, -20.7926829, -173.2500000, -278.1250000, -551.7500000
2021-10-24 10:47:22.810415 , -169.7534600, 2.4771206, 53.0977344, -0.0699463, -0.2387085, -1.0388794, -25.1219512, -20.6707317, -27.0731707, -274.2500000, -294.8750000, -349.8750000
2021-10-24 10:47:23.506936 , -168.7493140, 2.9369366, 52.7232871, -0.0459595, -0.2456055, -1.1018677, 13.4756098, -5.5792683, 6.0060976, -153.5000000, -225.0000000, -273.3750000
2021-10-24 10:47:24.203287 , -169.6570621, 3.9466972, 53.8651954, -0.1354370, -0.1563110, -0.9876099, -10.4878049, -4.3902439, -23.3231707, -135.8750000, -216.6250000, -272.7500000
2021-10-24 10:47:24.899842 , -170.0886374, 0.8669598, 52.4537059, 0.1631470, -0.1304321, -1.0590820, 5.2439024, 10.1524390, 30.2439024, -136.6250000, -220.2500000, -271.5000000
2021-10-24 10:47:25.595773 , -169.2959453, 2.5513999, 51.1473116, -0.0229492, -0.2844849, -0.9167480, -0.6707317, -13.6280488, 15.7926829, -218.6250000, -259.8750000, -390.5000000
2021-10-24 10:47:26.293904 , -167.2671160, -3.0210599, 53.3307827, 0.2057495, -0.3901367, -0.9816284, -18.6585366, 24.4207317, -36.4634146, -84.2500000, -256.1250000, -442.8750000
2021-10-24 10:47:26.990321 , -165.3441639, -5.1478737, 52.8122899, 0.2744751, -0.4329224, -0.9600220, -1.0365854, 3.2621951, 4.4512195, -68.3750000, -191.3750000, -482.1250000
2021-10-24 10:47:27.686964 , -165.0938695, -6.0705710, 52.4084575, 0.2720947, -0.3851318, -0.9630737, -1.6158537, -4.2378049, 0.7621951, -77.1250000, -184.8750000, -480.1250000
2021-10-24 10:47:28.383372 , -164.6498237, -5.9135628, 52.2012228, 0.2033081, -0.3881836, -0.9967651, 1.4024390, -7.5609756, -6.2195122, -118.7500000, -252.3750000, -466.6250000
2021-10-24 10:47:29.079739 , -164.6460603, -3.9614125, 52.4828518, 0.0744629, -0.4170532, -0.9747314, -10.3353659, -16.5243902, -19.4817073, -167.5000000, -292.8750000, -468.2500000
2021-10-24 10:47:29.776157 , -165.8525914, -0.0051705, 51.9998849, -0.1021729, -0.3400269, -0.9965820, -11.3719512, -18.8414634, -17.9268293, -211.0000000, -249.0000000, -276.1250000
2021-10-24 10:47:30.472750 , -166.8275820, 1.0389918, 51.6711083, -0.1305542, -0.2595215, -0.9880981, -15.5182927, 18.6890244, -5.0304878, -142.8750000, -225.6250000, -275.0000000
2021-10-24 10:47:31.169026 , -167.4529109, 2.7140243, 52.5114129, -0.0936279, -0.2249756, -0.9881592, -7.0731707, -14.5731707, -19.4512195, -143.6250000, -221.8750000, -278.2500000
2021-10-24 10:47:31.865723 , -167.0769121, 2.6566040, 51.9850174, -0.0845947, -0.2533569, -1.0380859, 3.3536585, 11.8597561, 8.5670732, -133.7500000, -218.6250000, -275.0000000
2021-10-24 10:47:32.562684 , -168.6259736, 1.9984649, 50.1536360, 0.0183105, -0.1712036, -1.0314941, -3.7500000, 15.0609756, 23.0487805, -178.7500000, -227.2500000, -297.8750000
2021-10-24 10:47:33.260277 , -167.3751998, -0.5229801, 50.3017579, 0.0961914, -0.2525635, -1.0028687, 9.9695122, 14.3292683, -2.7134146, -133.5000000, -251.3750000, -433.1250000
2021-10-24 10:47:33.965675 , -166.2119068, -3.5083468, 50.2233321, 0.2356567, -0.3101196, -1.0338135, 2.5914634, 5.2134146, 3.0487805, -109.3750000, -261.1250000, -443.8750000
2021-10-24 10:47:34.662539 , -166.7515768, -4.7001545, 50.7928253, 0.2003784, -0.3180542, -1.0671387, -15.9756098, -2.1646341, -16.1585366, -119.5000000, -257.2500000, -435.8750000
2021-10-24 10:47:35.358976 , -167.4410710, -1.7160934, 50.5718905, 0.0114136, -0.2800293, -0.9786987, -2.8048780, -26.8597561, -14.8475610, -206.2500000, -254.0000000, -301.7500000
2021-10-24 10:47:36.054997 , -167.5719050, 0.0552685, 50.2419521, -0.0942993, -0.2291870, -1.1071167, 11.0975610, 2.0731707, -3.7500000, -151.3750000, -216.6250000, -260.2500000
2021-10-24 10:47:36.751458 , -167.5966540, -0.2803070, 50.9434506, 0.0407104, -0.2209473, -0.9992065, -0.1219512, -6.1280488, -14.0243902, -127.1250000, -214.0000000, -271.8750000
2021-10-24 10:47:37.448545 , -167.4481319, -0.9460730, 49.3555706, 0.0197754, -0.2032471, -0.9635010, 6.3414634, 18.1097561, 28.5365854, -138.1250000, -229.7500000, -270.7500000
2021-10-24 10:47:38.145162 , -167.9179003, -1.6741420, 47.8368693, 0.0560303, -0.2684937, -1.0430298, -4.4207317, 23.6585366, 15.1829268, -196.6250000, -259.6250000, -398.3750000
2021-10-24 10:47:38.841391 , -167.2523282, -2.2667324, 47.2267800, 0.0931396, -0.2730103, -0.9547729, -1.6463415, 0.4573171, 10.9756098, -138.6250000, -263.8750000, -476.1250000
2021-10-24 10:47:39.538263 , -166.7809127, -1.3644593, 46.4463209, 0.0409546, -0.2738037, -1.0059814, 10.5487805, -5.3963415, 10.4573171, -164.0000000, -253.7500000, -478.6250000
2021-10-24 10:47:40.234642 , -165.1430366, -2.3506401, 48.4434280, 0.0130005, -0.3251343, -1.0357056, -0.2439024, -3.3841463, -21.6158537, -124.7500000, -290.0000000, -277.1250000
2021-10-24 10:47:40.931183 , -164.9460318, -2.7466270, 48.8996915, 0.0754395, -0.2446899, -0.9970093, 1.0670732, -9.9390244, 1.9817073, -118.8750000, -263.1250000, -270.0000000
2021-10-24 10:47:41.627679 , -164.3981710, -2.0193512, 48.7936895, -0.0094604, -0.2478638, -0.9935303, 8.4146341, -6.4024390, 12.6524390, -127.7500000, -284.8750000, -284.3750000
2021-10-24 10:47:42.323906 , -166.0372396, -0.6975346, 47.3037907, -0.0121460, -0.2286377, -1.0064697, -3.2926829, 6.0670732, 19.4207317, -169.0000000, -253.3750000, -427.8750000
2021-10-24 10:47:43.020314 , -165.0424037, -1.2802272, 47.6203907, -0.0045776, -0.3064575, -1.0195312, -5.9756098, -2.0121951, 5.5792683, -55.1250000, -159.2500000, -209.1250000
2021-10-24 10:47:43.716431 , -165.6950368, -4.2353944, 49.4776793, 0.0690918, -0.1640625, -1.0297852, -13.0792683, 6.2500000, 6.7073171, -68.8750000, -287.8750000, -204.7500000
2021-10-24 10:47:44.412821 , -166.2820858, -6.4650282, 51.1495248, 0.1193237, -0.1335449, -1.0136719, -0.8231707, 3.4451220, -1.6463415, -73.8750000, -273.2500000, -209.8750000
2021-10-24 10:47:45.120666 , -168.3846540, -4.1994975, 51.5718608, 0.0653687, -0.2354126, -1.0350342, 7.0121951, -9.2073171, -33.2317073, -113.0000000, -128.0000000, -255.6250000
2021-10-24 10:47:45.855505 , -171.1959433, -2.0245319, 50.3295921, 0.0206299, -0.1921387, -1.2420654, -16.7682927, -4.3597561, 5.6402439, -153.5000000, -182.7500000, -321.0000000
2021-10-24 10:47:46.552893 , -171.3484336, -5.3340031, 50.3321116, 0.2008667, -0.1791992, -0.8982544, -24.1768293, 10.4573171, 10.3353659, -97.1250000, -215.2500000, -260.2500000
2021-10-24 10:47:47.249971 , -170.6240628, -3.6055162, 49.8442366, 0.0120850, -0.2116699, -1.0014038, 4.9695122, -8.6280488, 5.3353659, -131.6250000, -221.0000000, -302.0000000
2021-10-24 10:47:47.944272 , -171.1177699, -2.4723771, 48.6312192, 0.0191040, -0.1652832, -1.0633545, 4.1768293, 3.2621951, 14.9085366, -208.3750000, -293.3750000, -490.8750000
2021-10-24 10:47:48.642625 , -172.0756212, -0.9269528, 48.0375749, -0.0148315, -0.1873169, -1.0773926, 0.5487805, 0.3658537, -20.2439024, -306.5000000, -278.8750000, -346.6250000
2021-10-24 10:47:49.341013 , -171.5513067, -2.9376493, 48.8861559, 0.1066895, -0.1929932, -1.0702515, -2.5609756, 14.2682927, -15.3658537, -139.2500000, -215.7500000, -273.8750000
2021-10-24 10:47:50.038420 , -172.2277995, -6.0043595, 47.8450000, 0.2057495, -0.0852661, -1.0333862, 2.1646341, 30.6097561, 17.4390244, -133.7500000, -207.0000000, -269.0000000
2021-10-24 10:47:50.736110 , -172.0794754, -4.8940880, 46.7873874, 0.0502930, -0.1812134, -1.0310669, 5.0914634, 5.3353659, 11.3719512, -166.5000000, -239.8750000, -462.7500000
2021-10-24 10:47:51.434432 , -167.7443237, -4.4711179, 48.6037460, -0.0264893, -0.4109497, -1.0447998, 18.2012195, -3.5670732, -27.6829268, -150.8750000, -348.7500000, -410.2500000
2021-10-24 10:47:52.131876 , -167.7093519, -4.2220453, 49.6926927, 0.0163574, -0.1719971, -0.9911499, 3.2926829, -3.3841463, -10.6707317, -108.1250000, -257.1250000, -272.7500000
2021-10-24 10:47:52.829284 , -168.6406369, -3.5191355, 48.1871887, 0.0236206, -0.1635742, -1.0006104, -10.4573171, 2.6829268, 34.8475610, -135.8750000, -292.1250000, -359.6250000
2021-10-24 10:47:53.526176 , -168.1921382, -3.0864463, 47.2686728, -0.0136719, -0.2041626, -1.0142822, -1.2500000, 4.7256098, 27.6829268, -62.3750000, -143.6250000, -174.0000000
2021-10-24 10:47:54.223996 , -166.8495263, -4.7392236, 48.9343980, -0.0431519, -0.2198486, -1.0943604, 8.1097561, 21.8902439, -8.9329268, -73.2500000, -257.7500000, -244.0000000
2021-10-24 10:47:54.921341 , -167.9945113, -1.6276306, 51.1271729, -0.0583496, -0.1852417, -1.1085205, 3.5365854, -32.6524390, -44.6036585, -135.8750000, -223.3750000, -274.0000000
2021-10-24 10:47:55.618485 , -166.4073496, -6.3068552, 49.9775843, 0.2756958, -0.2480469, -0.8615723, 2.4695122, 19.7256098, 34.6036585, -96.5000000, -244.5000000, -258.5000000
2021-10-24 10:47:56.315873 , -164.1506447, -5.1358578, 49.3882112, 0.1314087, -0.4304199, -0.9385376, -1.7682927, -25.3658537, 11.9207317, -121.6250000, -259.6250000, -291.8750000
2021-10-24 10:47:57.013044 , -164.5274686, -1.0084078, 48.2036758, -0.1141357, -0.3014526, -1.0015869, 0.8536585, -18.3536585, 16.6463415, -248.2500000, -371.8750000, -378.2500000
2021-10-24 10:47:57.720444 , -163.6100541, -1.1537740, 47.6500426, -0.1212158, -0.3175659, -1.1771851, 24.6646341, 38.2926829, -2.1341463, -150.8750000, -256.3750000, -330.2500000
2021-10-24 10:47:58.456204 , -160.5811079, -3.0561221, 47.7002071, 0.0959473, -0.3876343, -0.8197021, 15.1219512, 8.6585366, 3.0182927, -115.1250000, -255.8750000, -274.3750000
2021-10-24 10:47:59.162245 , -164.9567249, -0.3841773, 48.0013174, -0.1563110, -0.2148438, -1.1668701, -38.8109756, -3.5365854, -17.5000000, -228.7500000, -337.2500000, -302.5000000
2021-10-24 10:47:59.860016 , -164.0705250, -2.6929335, 48.8649903, 0.1573486, -0.3287354, -1.0105591, -4.4817073, -1.0060976, 0.3658537, -189.1250000, -344.7500000, -221.5000000
2021-10-24 10:48:00.554002 , -163.2251584, -4.4032272, 49.3946855, 0.1611328, -0.3363037, -1.0079346, -0.1219512, 0.4878049, 0.1829268, -187.0000000, -347.2500000, -221.1250000
2021-10-24 10:48:01.250772 , -162.7477418, -5.4321304, 49.5721040, 0.1586304, -0.3364868, -1.0078125, -0.0914634, -0.0914634, 0.1829268, -188.5000000, -340.7500000, -219.2500000
2021-10-24 10:48:01.947424 , -162.4935806, -6.1465226, 49.5992925, 0.1586914, -0.3336792, -1.0060425, -0.3048780, 0.1524390, 0.1829268, -191.7500000, -343.2500000, -218.1250000
2021-10-24 10:48:02.643998 , -162.3533621, -6.6410512, 49.5416429, 0.1587524, -0.3333130, -1.0071411, -0.3048780, 0.0914634, 0.1829268, -191.2500000, -342.7500000, -220.5000000
2021-10-24 10:48:03.341072 , -162.2780507, -6.9869914, 49.4217166, 0.1589966, -0.3338013, -1.0074463, -0.3353659, 0.0914634, 0.1829268, -192.0000000, -342.2500000, -221.3750000
2021-10-24 10:48:04.037652 , -162.2311149, -7.2876377, 49.3298239, 0.1607056, -0.3321533, -1.0090942, -0.3353659, 0.0304878, 0.1524390, -190.0000000, -344.1250000, -223.6250000
2021-10-24 10:48:04.734434 , -162.1990273, -7.4755504, 49.1909519, 0.1586304, -0.3328247, -1.0062256, -0.2743902, 0.0609756, 0.1829268, -190.5000000, -341.6250000, -222.0000000
2021-10-24 10:48:05.430938 , -162.1546541, -7.6414312, 49.0839102, 0.1586304, -0.3333740, -1.0072021, -0.3048780, 0.0609756, 0.1829268, -188.3750000, -343.2500000, -225.3750000
2021-10-24 10:48:06.127755 , -162.1964146, -7.7285566, 48.9171338, 0.1577759, -0.3306274, -1.0068359, -0.4878049, 0.2134146, 0.1524390, -189.8750000, -338.8750000, -223.0000000
2021-10-24 10:48:06.824561 , -162.1449562, -7.8799312, 48.8633978, 0.1590576, -0.3316040, -1.0076904, -0.3353659, 0.0609756, 0.1524390, -189.2500000, -344.0000000, -218.2500000
2021-10-24 10:48:07.521465 , -162.1361234, -7.9733405, 48.7706223, 0.1587524, -0.3307495, -1.0076294, -0.3353659, 0.1524390, 0.2134146, -189.6250000, -344.0000000, -222.2500000
2021-10-24 10:48:08.218701 , -162.1170120, -8.0493419, 48.6906609, 0.1585693, -0.3314819, -1.0079346, -0.3353659, 0.1219512, 0.1524390, -186.5000000, -341.3750000, -223.6250000
2021-10-24 10:48:08.915721 , -162.1304332, -8.1109660, 48.5927154, 0.1591797, -0.3302002, -1.0062256, -0.5487805, 0.1829268, 0.1524390, -191.1250000, -343.8750000, -220.6250000
2021-10-24 10:48:09.612194 , -162.1210278, -8.1374147, 48.4863371, 0.1588745, -0.3320312, -1.0090332, -0.2134146, 0.0304878, 0.1219512, -190.6250000, -340.2500000, -217.6250000
2021-10-24 10:48:10.308307 , -162.0836015, -8.1969444, 48.4291616, 0.1589355, -0.3315430, -1.0065918, -0.2743902, 0.0609756, 0.1219512, -188.7500000, -342.0000000, -219.1250000
2021-10-24 10:48:11.035541 , -162.0633166, -8.2515280, 48.3702842, 0.1594238, -0.3312378, -1.0078735, -0.2743902, 0.1829268, 0.1219512, -190.1250000, -343.7500000, -219.5000000
2021-10-24 10:48:11.742434 , -162.0223477, -8.2838068, 48.3381564, 0.1580811, -0.3319702, -1.0073853, -0.2439024, -0.0609756, 0.1219512, -188.1250000, -343.3750000, -219.8750000
2021-10-24 10:48:12.438285 , -162.0098030, -8.3218619, 48.3011875, 0.1584473, -0.3301392, -1.0063477, -0.3048780, 0.1219512, 0.2134146, -186.1250000, -340.7500000, -219.5000000
2021-10-24 10:48:13.133324 , -161.9742215, -8.3820222, 48.2986569, 0.1594849, -0.3306885, -1.0052490, -0.3963415, 0.0000000, 0.2134146, -186.5000000, -343.7500000, -219.0000000
2021-10-24 10:48:13.829998 , -162.0156913, -8.3731104, 48.2030294, 0.1600342, -0.3302612, -1.0064087, -0.4268293, 0.0609756, 0.1524390, -189.3750000, -339.6250000, -218.8750000
2021-10-24 10:48:14.526711 , -162.0617690, -8.3299766, 48.0911333, 0.1597900, -0.3306885, -1.0076904, -0.4268293, -0.3353659, 0.1219512, -191.5000000, -337.5000000, -215.6250000
2021-10-24 10:48:15.223562 , -160.2026361, -12.5303511, 46.9042356, 0.3174438, -0.3569946, -0.9024658, 5.0914634, 39.1768293, 27.5609756, -146.8750000, -422.2500000, -301.2500000
